
1 0.548387 0.487805 0.376344 0 0 0 0 0 0 0 
1 1 0.956522 0.871795 0.769231 0.766234 0.7625 0.729167 0 0 0 
1 0.941176 0.903226 0.875 0.816327 0.774648 0.731707 0 0 0 0 
1 0.875 0.777778 0.681818 0.634921 0.56044 0 0 0 0 0 
1 1 0.909091 0.75 0.742424 0.73913 0.698925 0 0 0 0 
1 1 0.857143 0.8125 0.8 0.71831 0.69 0 0 0 0 
1 1 0.869565 0.705882 0.693548 0.646341 0.6 0 0 0 0 
1 0.923077 0.923077 0.847458 0.847458 0.847458 0.75 0 0 0 0 
1 0.916667 0.814815 0.606557 0.6 0.597826 0 0 0 0 0 
1 0.805556 0.805556 0.789474 0.740741 0.697674 0.697674 0 0 0 0 
1 0.947368 0.878788 0.833333 0.732143 0.657895 0 0 0 0 0 
1 1 0.88 0.8 0.769231 0.736111 0.701149 0 0 0 0 
1 0.714286 0.45098 0.387097 0 0 0 0 0 0 0 
1 1 0.928571 0.909091 0.836735 0.710526 0.681818 0 0 0 0 
1 0.928571 0.8 0.673913 0.56338 0 0 0 0 0 0 
1 0.5 0.5 0.360825 0 0 0 0 0 0 0 
1 1 0.92 0.789474 0.714286 0.586207 0 0 0 0 0 
1 0.958333 0.958333 0.9 0.833333 0.757576 0.722892 0 0 0 0 
1 1 0.913043 0.775 0.738462 0.728571 0.666667 0 0 0 0 
1 0.923077 0.916667 0.880952 0.869565 0.694444 0.625 0 0 0 0 
1 1 0.956522 0.909091 0.836735 0.724638 0.606061 0 0 0 0 
1 1 1 0.75 0.634921 0.568182 0 0 0 0 0 
1 0.647059 0.547619 0.507042 0.476744 0 0 0 0 0 0 
1 1 0.769231 0.666667 0.591549 0.53125 0 0 0 0 0 
1 0.5 0.477273 0.411765 0 0 0 0 0 0 0 
1 1 0.92 0.875 0.851064 0.85 0.782051 0 0 0 0 
1 0.689655 0.689655 0.645833 0.602564 0.543478 0 0 0 0 0 
1 1 0.954545 0.861111 0.754717 0.625 0 0 0 0 0 
1 0.75 0.675676 0.636364 0.61194 0.573034 0 0 0 0 0 
1 0.647059 0.54902 0.535714 0.518519 0 0 0 0 0 0 
1 0.9375 0.909091 0.883721 0.86 0.809524 0.765432 0 0 0 0 
1 0.863636 0.833333 0.810811 0.8 0.769231 0.743902 0.721649 0 0 0 
1 0.714286 0.583333 0.527778 0.47619 0 0 0 0 0 0 
1 1 0.925926 0.875 0.836735 0.761194 0.722892 0 0 0 0 
1 1 0.78125 0.72093 0.597015 0.555556 0 0 0 0 0 
1 0.95 0.909091 0.846154 0.836364 0.819672 0.8 0.7 0 0 0 
1 0.916667 0.862069 0.825 0.82 0.742857 0.689655 0 0 0 0 
1 0.75 0.675676 0.6 0.512821 0 0 0 0 0 0 
1 0.47619 0.47619 0.368421 0 0 0 0 0 0 0 
1 1 0.954545 0.939394 0.851064 0.728571 0.618557 0 0 0 0 
1 0.769231 0.645161 0.581818 0.540541 0.51 0 0 0 0 0 
1 0.962963 0.962963 0.941176 0.869565 0.69863 0 0 0 0 0 
1 0.923077 0.677419 0.641791 0.641791 0.595238 0 0 0 0 0 
1 0.8125 0.771429 0.756098 0.714286 0.632911 0.618557 0 0 0 0 
1 1 0.958333 0.925 0.851064 0.704225 0.628866 0 0 0 0 
1 0.714286 0.552632 0.442857 0.43617 0 0 0 0 0 0 
1 0.9375 0.925926 0.894737 0.773585 0.69863 0.652174 0 0 0 0 
1 0.9 0.84 0.826087 0.823529 0.793651 0.717647 0 0 0 0 
1 0.894737 0.869565 0.758621 0.758621 0.728571 0.638298 0 0 0 0 
1 0.833333 0.677419 0.563636 0.5 0 0 0 0 0 0 
1 1 0.961538 0.914286 0.740741 0.6375 0 0 0 0 0 
1 0.947368 0.913043 0.8 0.655738 0.586207 0 0 0 0 0 
1 0.785714 0.769231 0.697674 0.656716 0.6 0 0 0 0 0 
1 0.923077 0.913043 0.861111 0.650794 0.520833 0 0 0 0 0 
1 1 0.916667 0.796296 0.796296 0.753425 0.743902 0 0 0 0 
1 0.708333 0.645161 0.478873 0.425532 0 0 0 0 0 0 
1 1 0.818182 0.818182 0.777778 0.757576 0.689655 0 0 0 0 
1 0.806452 0.806452 0.787234 0.719298 0.647059 0 0 0 0 0 
1 0.933333 0.869565 0.772727 0.677966 0.626506 0 0 0 0 0 
1 0.933333 0.916667 0.810811 0.769231 0.735294 0.632653 0 0 0 0 
1 0.846154 0.724138 0.632653 0.554054 0.515464 0 0 0 0 0 
1 1 0.714286 0.702128 0.68 0.68 0.666667 0 0 0 0 
1 0.769231 0.769231 0.769231 0.732143 0.72973 0.676768 0 0 0 0 
1 0.909091 0.740741 0.581818 0.494845 0 0 0 0 0 0 
1 0.625 0.625 0.516129 0.42268 0 0 0 0 0 0 
1 0.923077 0.833333 0.808511 0.784314 0.574713 0 0 0 0 0 
1 0.92 0.92 0.911765 0.857143 0.793651 0.743902 0 0 0 0 
1 0.857143 0.851852 0.833333 0.773585 0.649351 0 0 0 0 0 
1 1 0.885714 0.885714 0.833333 0.787879 0.734043 0.731959 0 0 0 
1 0.941176 0.935484 0.888889 0.844828 0.806452 0.631579 0 0 0 0 
1 0.785714 0.7 0.627451 0.602941 0.577778 0 0 0 0 0 
1 0.909091 0.755102 0.755102 0.753846 0.73913 0.705882 0 0 0 0 
1 0.466667 0.4375 0.393617 0 0 0 0 0 0 0 
1 0.8 0.8 0.708333 0.6875 0.68 0.6 0 0 0 0 
1 0.5 0.5 0.356322 0 0 0 0 0 0 0 
1 1 0.740741 0.733333 0.733333 0.670588 0.655914 0 0 0 0 
1 0.857143 0.604167 0.576923 0.510638 0 0 0 0 0 0 
1 0.72 0.540541 0.508197 0.43 0 0 0 0 0 0 
1 1 0.964286 0.789474 0.655738 0.634146 0 0 0 0 0 
1 0.731707 0.731707 0.731707 0.692308 0.692308 0.631579 0 0 0 0 
1 1 0.923077 0.837209 0.818182 0.776119 0.732558 0 0 0 0 
1 0.952381 0.952381 0.875 0.857143 0.825397 0.805195 0.714286 0 0 0 
1 0.909091 0.769231 0.714286 0.57971 0 0 0 0 0 0 
1 1 1 0.939394 0.87234 0.757576 0.612245 0 0 0 0 
1 1 0.888889 0.888889 0.769231 0.701299 0.612245 0 0 0 0 
1 0.793103 0.793103 0.793103 0.793103 0.75641 0.756098 0.744681 0 0 0 
1 0.961538 0.961538 0.857143 0.767857 0.733333 0.733333 0 0 0 0 
1 1 0.964286 0.891892 0.843137 0.806452 0.75 0.7 0 0 0 
1 1 0.956522 0.939394 0.851064 0.825397 0.649485 0 0 0 0 
1 0.923077 0.863636 0.863636 0.857143 0.83871 0.810127 0.714286 0 0 0 
1 0.909091 0.657895 0.59322 0.575342 0.505051 0 0 0 0 0 
1 0.909091 0.857143 0.857143 0.758065 0.742857 0.67033 0 0 0 0 
1 0.916667 0.833333 0.833333 0.816327 0.666667 0 0 0 0 0 
1 1 0.807692 0.666667 0.61194 0.520408 0 0 0 0 0 
1 0.954545 0.954545 0.85 0.846154 0.846154 0.820513 0.736842 0 0 0 
1 0.777778 0.695652 0.695652 0.655738 0.61 0.61 0 0 0 0 
1 1 0.9 0.882353 0.816327 0.8 0.761364 0.714286 0 0 0 
1 0.875 0.869565 0.833333 0.777778 0.769231 0.747126 0 0 0 0 
1 0.928571 0.928571 0.914286 0.911111 0.806452 0.722892 0 0 0 0 
1 1 0.821429 0.8 0.8 0.716216 0.690722 0 0 0 0 